150480
168300
159800
151500
153600
150650
152200
150000
164500
150999
152000
152799
152500
167999
150450
150300
151750
157550
151850
160400
153699
152900
150500
155555
156900
151990
150690
153300
150899
150245
168000
153500
150350
151600
161900
157500
162500
156990
153900
150590
157999
152100
157750
163500
164800
151400
154700
150550
189600
153000
152399
151000
150001
150200
157499
155500
157000
164999
160900
159700
151280
151200
150800
152300
150750
156600
155000
170300
150150
150250
150600
158000
151800
156800
152990
152400
151222
158390
153850
173490
156450
151700
154290
150499
172999
156500
150900
153399
151300
157300
158599
155900
156300
155950
151699
154699
150400
159290
151199
151100
153390
152750
154800
164499
151450
154300
152499
153450
153550
158250
191900
154200
154000
156799
159450
156890
151499
151495
150850
158500
150950
153200
161890
169750
160500
161000
152390
166449
152999
164300
155999
153700
158999
164000
175000
152790
163400
154900
161299
159500
152800
151350
151999
162999
168400
162899
152250
164900
151250
150370
158600
152222
161800
154650
155499
172290
153750
151440
151150
165700
150130
159200
153350
152700
160200
164700
150895
161919
175900
160800
151690
153650
154850
154500
176999
206900
198000
158400
177500
164950
152950
162000
154600
156000
158950
168700
161550
166150
153400
150890
152899
152650
155299
157150
154400
157950
166500
158100
153999
159750
157700
151195
159790
151849
152600
161700
154950
158499
151650
155750
158700
168880
161200
163849
163200
152550
152450
151799
158150
159999
151050
150699
156250
160000
199500
151480
151490
153250
171500
156880
155600
160550
167500
152350
158450
150680
150444
154450
159650
165500
240500
163950
161500
150120
151299
153950
155800
157600
163499
151950
156350
156700
179980
152238
154199
156999
154490
193900
171950
162650
155250
174900
170500
159600
151099
154760
155300
153555
169900
165200
150700
157900
164650
153299
159900
152295
154999
186500
154990
180900
178900
151900
160490
178499
154550
150050
159499
162950
152150
155200
158200
159099
152099
151190
163980
156499
153499
158850
157199
166299
153800
159990
163800
165750
150990
155350
151899
155990
154499
157800
158799
150970
151599
157400
151698
157990
171000
164750
160100
165000
174800
156200
161850
159250
166000
163900
161540
163199
162790
163750
171999
174999
178300
162800
170200
153100
187990
151290
160999
152850
156490
159000
157490
197999
162990
165900
155997
150180
154799
184900
158800
150398
152190
157450
151670
152549
158380
152599
152410
150330
151320
150380
164990
152998
158790
175950
162900
154100
157100
194900
160450
150190
167000
161599
180600
150140
166700
150098
150790
289997
176500
150710
157890
150100
163990
196950
159490
166999
151385
164430
155699
154590
154250
150003
154750
178250
150390
168500
153280
171800
159950
155400
157350
173000
150045
150777
159300
179700
152699
181500
150599
159100
150849
155799
151399
151790
165990
174400
151212
152590
155100
151995
165490
166400
167700
150490
151890
166960
164400
150249
170900
161990
175345
167800
150888
150555
152349
163000
151390
159299
156399
201000
156299
157777
156050
200950
157299
156199
153050
158350
162400
158900
150799
170990
166990
156100
154190
158495
157820
164200
153899
152555
153333
167900
163999
171900
155150
151039
155129
157099
151049
169850
157200
151240
156950
160990
165350
150980
151550
183499
152001
174750
151780
157924
192500
152490
155450
156750
173950
192900
168600
150030
150280
159599
150560
156940
185911
163490
177300
155790
170000
186890
150199
152199
153599
153590
150135
168999
151740
163450
155595
157980
156400
150728
174000
177999
154150
154350
173850
162200
176000
154090
173300
150002
153199
179100
189900
157660
156575
157255
158888
173999
172900
157855
168750
153150
153780
153580
178800
156550
161450
173900
158690
150749
166900
169986
154690
150399
187999
151590
161490
161999
161600
153190
150080
152690
152890
153490
172950
184899
153501
183400
160350
165400
153990
156695
150870
162690
175999
155899
163700
172222
153690
170700
184500
150129
150349
155490
178500
162300
153799
165799
176950
185890
158990
169600
150360
155199
168100
166650
151980
151001
172750
162499
169200
156699
179999
153790
197900
169450
163790
156650
151470
190899
150230
155599
180500
150770
150270
174500
168200
158650
151649
164490
150825
155650
174950
169300
169950
152290
151985
151125
199900
176900
161390
160890
157240
150110
162150
197499
158248
150430
155399
156980
173500
169199
176899
162699
170399
150675
153330
155401
178850
165150
161400
167299
180990
151349
150630
152840
155030
151795
175850
162190
167400
168440
150099
169490
169500
161111
152980
169999
164850
157250
172800
151566
151540
150275
169000
170600
156066
152179
166320
270000
153666
166450
168900
155445
155700
187000
156790
159199
152444
178950
150090
161499
185000
171990
176010
150989
153149
150722
150475
158550
150160
170800
156150
154899
182990
159480
151380
164863
183333
184000
158290
151860
178000
167250
169990
150998
150820
161300
150698
167499
156850
181900
153960
166190
156690
150880
178599
152353
184700
175290
155289
169499
179500
166800
155890
161650
169995
150395
170999
160950
160599
168950
160250
155850
162700
193550
180000
150299
157649
174987
164295
158750
150012
150760
209900
166899
166350
152986
150780
150580
151798
250000
152995
166250
154399
158199
152299
150290
191964
158300
161250
154299
168490
164100
192999
150965
164450
150175
183650
176650
164600
160300
165999
153290
165450
150075
157290
223999
175500
151360
169980
154480
167200
174850
150449
156590
179200
150625
173800
153980
172495
172500
172000
152276
178750
225600
154495
183900
151877
158249
165390
167307
150575
177000
177950
160333
161555
171850
156595
154980
163299
178600
154444
186490
162995
161799
209999
182500
150997
158887
165800
160499
155888
160299
150840
163150
183800
154880
164250
152720
176400
170750
160700
150333
199999
163333
150598
173699
165780
174300
166950
150470
176290
156290
150215
163399
172580
170880
163998
160790
151111
151340
154111
150210
164489
151680
187950
205999
158590
185900
157390
150666
161750
159449
154349
157399
194000
175990
151549
167199
156099
152345
171600
162490
150301
150570
167444
170899
152879
171250
155550
194990
151090
166890
162290
188500
159550
157799
175800
163600
195600
159850
163250
153890
182000
161930
163131
155749
150060
153998
154477
186900
156470
150375
177750
162799
153349
150860
150289
150920
150040
186750
152795
164399
163666
155390
154890
189990
184200
154790
154222
150379
151580
189499
152333
157590
158795
160290
163099
164390
165099
152489
173750
159190
174250
161690
170950
171450
151984
166200
160600
183888
151149
157850
152240
155395
185950
200000
189999
269000
165850
158899
150320
152777
153889
150795
164299
156222
177499
150420
151444
185500
172990
167990
169800
164599
235000
151910
159390
214999
156666
152004
150595
150549
150459
156599
219900
161399
154195
150725
269911
167600
189500
157899
150260
179900
152666
163560
160780
184400
163995
156620
167100
150340
159049
171400
183000
152849
154622
150225
187800
159400
169350
183850
179950
158890
185999
153380
154484
152970
162600
153495
175400
195999
190999
150009
164986
156170
166490
155005
150785
159350
166300
156989
150765
203900
190000
150730
200999
157780
151770
182900
155590
158099
158399
151870
171300
162850
157699
160199
159399
166660
151660
160750
150640
210220
151777
167450
150321
203999
165950
162599
150670
167300
160556
172850
173100
150425
168990
176800
172989
152265
156888
158490
159680
150659
152480
153259
212475
150049
239000
150149
157790
243000
157222
150679
162890
152925
167480
150545
176250
159760
179800
151888
178980
150629
158699
197000
157650
163350
176200
189700
150070
150055
150265
153099
245000
159899
176850
154390
194950
199000
151055
165300
160986
187900
150170
175495
156749
169399
150235
193300
151230
165499
194500
157599
150839
164666
156777
151170
154179
165600
212800
169875
188850
165980
226500
156480
156870
229000
151101
150014
159799
154755
150649
162750
183500
167950
152580
157875
150740
184460
163449
163850
170799
150844
175599
155765
165399
175750
158198
184650
204500
166850
162100
161950
163100
175200
150660
150647
192990
152050
168650
158333
195500
174390
159845
157880
171499
167777
204000
178699
152495
153060
162399
159590
217999
158299
156977
151448
154749
155690
150020
190800
168699
173400
150222
239900
158801
150875
157740
195000
174199
151247
171275
161909
209500
151640
151180
179000
150035
150797
167350
166390
167899
172200
150897
152275
161666
152249
226997
177150
150975
156995
153122
151449
196900
159420
170888
168250
152888
185700
192950
157380
154599
161100
151249
187500
188900
158555
150295
260000
154220
165650
150744
174680
158911
190500
154985
150525
163300
182700
161899
170299
165299
202900
189800
155185
150579
153760
181200
177900
184980
150520
165250
150620
195900
164640
155190
173990
160980
152780
207900
150008
153015
150220
157690
152049
172980
151555
181250
193500
171490
190900
154580
153995
157090
167750
157949
150930
208888
196500
164980
154149
159555
150017
188200
187350
181400
151330
205000
164550
154099
168499
160399
207500
151396
198500
152090
159349
151395
152885
160850
171200
183390
168899
153090
156580
176600
157280
153220
151198
202911
167190
152940
180911
160379
178700
153449
157188
159170
167690
170680
178888
181590
164899
150111
168870
219990
187600
163599
160899
170998
202000
151255
150775
150229
157190
181999
154280
150695
289000
151970
151622
164444
151666
190444
162299
150945
175600
168390
238000
172300
153885
179990
152810
187241
150005
166480
150719
170650
156780
150995
159150
150706
170996
171399
176790
154411
150755
160680
171243
180450
158949
152380
160590
153880
154470
186450
151420
155050
153320
161148
228900
150846
153480
168790
151929
155870
156385
167099
159888
154298
198600
165890
166600
155372
153087
249900
174200
173333
165599
156495
216900
178999
160749
151675
159987
155180
177800
164799
174299
150635
158580
167850
150369
162480
218800
172450
150047
164975
150013
150810
174450
159777
169599
155980
176541
203000
209000
162998
153249
153498
150159
172650
151695
174990
176750
161350
279900
150255
163890
179989
255000
158798
162350
191790
181800
167490
150219
159975
171449
150325
168350
160880
198888
160895
165050
175470
187400
201593
150949
150025
160390
162475
173700
206200
168149
164220
180875
154002
159890
150085
153240
183990
249999
176690
165880
174998
171550
167888
151820
182200
185499
183996
155740
162685
160699
189000
162590
156280
157745
173200
151895
166750
151425
168890
154895
159980
175250
151370
166690
170350
152095
184800
168940
155949
178990
153710
198900
171880
160799
150855
175249
151112
165210
157385
182980
186800
199950
151479
153298
156390
153570
160975
150720
176990
172400
152949
176499
150628
171290
153445
202999
157787
166666
151749
158431
156190
163699
152560
150145
150074
170450
161880
168800
174550
172799
165280
152280
164590
180999
162250
151880
152195
150510
248500
158955
154680
160690
219999
152449
160398
166499
171750
155840
179799
154997
163799
150440
178400
153901
222500
209964
169799
156555
151998
155995
181745
157930
155220
156849
168150
169899
215850
153789
235500
159997
154995
162980
155970
165699
174333
151285
214000
214900
173450
153455
178200
152798
151629
182999
152210
165995
160220
152701
155444
176890
150465
168199
156540
183980
159520
161488
152680
172100
151460
154798
165580
176300
162821
162450
163550
164350
153948
150285
179499
165100
161190
182465
152070
153970
151975
171350
169560
168690
152930
165290
152525
164888
152770
152920
151429
180400
151025
221997
173899
258000
151488
180210
197600
161975
152870
166599
191500
212911
182599
153488
158240
184990
167898
150240
150010
151856
153222
152245
154780
176450
169650
151095
154030
187850
156755
155211
152398
157050
165998
155695
218900
154860
150185
177450
166199
151575
167890
150065
156289
179750
199890
178899
181799
166550
158190
161989
170499
150125
154830
153089
204900
166590
159699
154395
151598
160472
163590
156249
235600
203911
175499
157995
167419
212500
232500
150593
174700
154333
175550
152430
158420
166980
196888
155290
174301
170890
150530
153810
177850
155480
155020
153902
151333
217200
160930
173499
163280
163780
157291
168888
169400
169700
154938
173390
156252
172700
173590
150310
161199
152321
170490
184499
150789
218530
170250
157180
156730
184999
226900
177490
156899
186999
163190
189490
176700
199650
150489
177777
176390
163050
155298
166100
185800
176980
151275
150830
153125
175300
154275
160555
183300
153420
218500
159380
150445
150955
158189
156444
188990
152845
157555
161150
168299
150759
152180
161980
161495
166799
163899
162333
159780
168450
179300
150460
161699
170790
175795
160150
151645
151169
158880
151080
151295
233500
154766
150105
150669
191000
152440
164890
159667
152366
175700
183280
175890
180200
166995
163249
180300
150495
183999
151220
152660
161580
152960
153452
157480
216500
177250
158295
151253
175220
192600
153680
152512
154050
150833
150574
170375
151466
158470
165590
158222
159690
154249
181000
164830
152111
151098
165690
198911
178450
191800
160650
150015
159090
165555
205964
177200
177990
158870
185550
231000
164290
156089
181990
150365
150205
152649
150610
153888
155099
205500
191400
158998
169299
174490
191990
156583
155090
175380
162986
177828
197500
153969
198989
154888
158849
150029
168590
157898
153949
155370
153867
152530
159203
156789
171700
158640
190850
163960
184600
152389
150601
183600
227500
204800
153210
200490
174360
151745
173980
173350
158444
155648
192750
179850
178350
179400
169699
262000
173250
151130
185250
161680
157960
150195
153180
188000
163650
223000
166777
212900
151631
206500
160495
170980
205900
195990
202500
161970
152225
157895
163480
155280
151210
154870
177350
155008
182499
153775
208000
156680
159880
157530
153475
160910
151345
172250
158480
153730
153398
174499
160755
157249
157685
159395
181499
150865
174495
231500
150889
188450
156101
172600
150987
157420
174480
154567
154180
150644
206997
228500
205800
158975
175590
152459
152260
155760
186000
192911
150410
273456
153695
176490
151270
153431
153633
159280
172490
150940
181199
165333
162050
154240
168550
169890
183915
182800
158425
150689
151259
150455
176940
167150
178490
191700
153740
152910
196750
150925
153884
150540
162449
161888
169290
150655
169444
152579
153360
272000
165790
165550
201999
215799
164940
200699
183880
161480
152395
183200
154559
154660
185490
170850
157970
188499
207000
151277
175490
151560
194400
151260
163498
186499
177399
151725
163986
154777
167980
154949
162390
150279
150485
171980
174488
158275
156001
151652
151375
170480
159995
155660
164995
156840
168181
175100
153649
154449
156944
172969
153595
177600
156333
164349
165975
155498
153211
162380
189290
151224
186950
219911
269900
180557
175980
166399
208500
196840
165199
162222
176590
152198
152149
182490
151175
158666
188390
169550
158050
164777
178790
168599
217900
206000
150577
187175
162580
163387
234911
216911
157333
154940
150248
172589
155380
153140
164699
177870
169250
164199
160795
167449
156435
151949
160009
151234
189660
174449
151459
152510
160089
155655
184890
150039
150095
151355
150519
162660
173399
168850
171590
150929
150366
154295
151496
150345
152695
163384
161749
164879
157016
152962
158520
155540
154555
191999
158245
164960
223990
163555
217000
152384
167550
150344
201500
164498
186350
151588
165325
160280
155880
269500
180933
150059
175699
169100
280000
181995
154889
150335
157849
198250
154960
152675
150359
219500
192800
172888
155940
179399
155375
174790
166333
177700
176987
150433
156998
151930
165190
153575
186399
152630
188600
151894
152640
157655
155001
167590
152975
150688
169149
165899
162997
160240
152080
160090
181650
161444
169666
176849
161660
159130
169880
151720
155385
151845
163690
180330
201499
169777
162549
162550
151565
174799
155002
189100
176599
152360
150179
157139
163970
150531
150879
164150
152470
265000
154440
175450
215000
151648
210000
180678
150745
170550
153530
180700
170400
158230
162345
202700
151996
159920
174890
152985
151904
187300
153715
150115
158980
182400
171650
161960
232900
152130
201981
157997
189865
254900
201900
155495
163493
187200
165498
173600
156770
162199
173550
151520
156295
156440
166880
152498
188750
151430
181888
179350
155359
158111
182390
159110
160849
183490
169495
164249
152125
155409
184550
151948
159948
152285
172399
166222
188999
203695
167780
167998
217997
188490
157430
189889
151855
151955
153370
153640
151398
155225
153849
190600
161330
172150
192925
176050
170690
185998
153768
212000
196650
152388
178995
189850
152759
151165
152134
153869
228000
192997
150298
157328
151875
151558
181750
159498
155708
152723
172899
155149
173790
197800
158675
150439
230900
154595
158645
177650
154998
161790
154201
172499
150901
153049
181950
185190
153560
155333
165870
150011
154455
189250
175370
288980
175230
197670
161180
154689
295000
182100
179490
160920
192000
153940
175650
152880
152749
274900
158995
160480
155459
154640
154795
194300
159385
151906
152235
167979
151059
152689
155630
154498
163390
175799
204999
162949
213000
160540
158833
156380
152911
158989
193333
170760
162349
156949
166790
279000
206800
159149
162830
164790
185990
238500
180890
211911
158484
185300
171599
197100
153009
153040
156745
155255
171995
153310
152370
171090
152655
168247
188950
156447
151935
175996
186440
154487
187550
224900
161798
157789
153777
166955
157330
155488
152270
163290
170689
150277
200500
153444
196000
150505
156149
153905
154887
151498
174370
170699
158579
197700
159050
150966
153955
152671
158494
171210
166375
151933
162465
157680
150189
179891
152540
156667
188470
175498
157869
159968
175555
165755
152651
173989
188400
160998
169935
167790
172670
153945
170997
174983
160475
199200
150985
161295
189997
169830
209911
153989
162888
150079
183700
155780
150389
155795
194890
255999
154652
165298
153485
153925
151659
154170
151441
217750
153774
158349
170495
150735
163749
211800
185350
163875
151135
179998
188888
162944
158765
202400
172690
152320
238400
153589
151325
162735
249500
150069
158255
150016
155340
234999
159470
153489
158875
184988
205400
197997
150634
167149
160995
195800
234888
162898
160099
170995
157840
177550
209799
151469
150729
154751
181490
194499
165395
299000
261111
154770
155998
159221
151160
167650
265900
153579
169790
161290
161693
180950
167699
162889
157118
153598
151414
161995
182950
156951
151129
151878
150793
150236
154930
179550
194777
155475
152460
167770
152221
249000
159788
167290
194200
161968
155849
243911
157220
167949
160175
164870
196200
220000
186990
176984
159998
155975
179450
162955
160777
180530
166290
169997
155959
170889
169780
151120
151155
211000
184300
150355
194996
151620
155246
198999
156124
157998
155879
150559
164480
156973
150837
203500
233000
170199
153260
166649
153941
150498
162968
183590
194800
161379
151570
184850
150968
163321
208900
152895
157888
161590
173650
150544
151635
161979
167520
162430
215900
174590
154898
165480
159989
152598
158987
153655
157495
158595
165222
155049
168799
190750
171666
177333
179250
169970
190950
179600
155844
151760
156111
151830
156449
156130
152875
169230
161222
169280
159666
166989
162749
152475
184940
219000
154475
176199
184950
150165
150419
173799
165492
157989
183250
156475
150910
155485
153660
204997
189950
167880
181700
155688
154840
150696
152002
264000
161449
151945
187700
174650
154548
150845
172480
189980
154835
160860
171299
155544
168798
189333
159245
150960
150569
153670
164530
152379
159580
150251
166285
155924
197300
151269
165260
258900
196490
152744
193790
222900
150624
154155
170870
180850
150142
205990
155015
162555
150004
152175
204990
162090
159195
174599
150173
169690
153879
224899
151310
151775
167255
162495
202950
161738
150033
174335
180860
154380
154920
152448
157549
176100
166495
150193
151669
183950
224500
158008
177299
153795
154321
153120
155680
161475
187599
153757
151960
233900
152385
155955
150329
237000
153745
174149
155222
213900
161090
160529
150169
150024
158970
168777
185370
160940
164525
158280
151070
239500
151605
159996
169269
182750
163489
155580
235900
154278
178856
164555
152432
189300
184699
152645
164540
158749
153997
224000
161432
230000
167889
162647
157540
151455
153318
154655
171699
161760
153393
172498
185450
152889
159410
168399
196990
199990
154666
185599
151298
189200
199600
177498
205850
194750
185200
163495
164780
180333
150869
187880
205555
150701
160430
153977
152946
153410
184490
162920
155440
173890
279999
198700
154320
157603
162368
156198
152589
180799
163830
150385
156330
156578
199490
154877
176350
160989
151958
213999
213700
209950
151026
167249
272981
178399
157052
203400
187690
150533
159428
164998
168290
189979
158944
197990
153456
150259
157359
157234
229900
159333
155125
188800
196666
207599
154720
188890
151595
159991
155249
182780
156398
152289
155189
185750
154786
155140
234997
150523
152860
164690
150007
150944
169945
152745
152301
150588
151810
166888
153944
153630
185850
156660
176740
152151
150829
185222
156783
165981
211900
180800
152055
179795
174600
161235
169911
218750
171100
179899
151587
173456
151589
186980
154740
158886
157270
151045
169975
154649
185888
157449
165920
164280
154497
152140
153895
150088
152898
158265
162249
151655
155455
244999
150263
241900
164190
187499
171690
164111
151881
204980
209990
151625
169998
151388
167799
196280
155889
161988
163988
173425
157940
190990
179333
156979
155569
176725
160344
167485
155234
153509
151042
177495
184590
190200
155349
171998
272900
150732
160870
156795
183777
151585
242000
163298
172998
162523
168090
153805
162877
174699
164495
162770
154040
176150
214990
192700
157770
229500
151994
150667
152230
150907
155755
157007
208399
150435
172890
176975
156970
152455
183100
174298
165946
155911
152874
182850
177790
156208
168099
173888
216666
177100
152760
215800
177571
182300
155996
285500
150101
204499
178955
158665
167111
166475
162255
158780
152775
175350
169390
162667
157149
157285
211500
218000
169150
162860
183459
151759
183860
153540
248000
185790
171799
153535
167498
172390
158090
176099
177400
153470
157185
155666
158370
170530
229999
177890
163230
161230
257000
161935
152170
152194
259900
150305
196800
163777
189151
164140
216000
154872
156125
157885
193490
198490
150414
195950
151348
164949
169121
173549
151189
152241
153845
172444
155697
176285
155195
174100
242900
213499
185555
166780
159681
186700
152730
202980
174350
257999
150685
155885
157360
166911
153225
170555
228993
170590
150976
158488
156960
175860
185449
196700
162470
150769
184444
288000
178150
154737
151840
153549
186390
150804
151897
151475
155575
158258
193375
153080
158340
208200
150155
160370
158560
220888
171888
156275
160380
150798
152155
223996
153285
154378
156460
153749
150019
166065
163349
160389
192250
170789
181790
160310
155777
203650
169590
155160
152220
152335
154355
187899
158840
156798
160420
154335
176660
151031
162225
159375
197911
176666
259960
155489
172190
151296
150281
173944
195300
153725
154820
150133
223500
165495
174888
177980
150384
193461
199400
156930
161454
164260
236500
164230
152279
180499
151940
150548
153340
158211
154549
173885
156860
160625
152340
155723
152754
172280
152740
152322
173150
150269
151765
172880
151110
157085
151033
162360
156090
160190
158146
166830
150535
181599
164386
181100
163888
189911
150996
222000
165120
154370
195911
210789
174899
173222
164449
157570
150898
163930
156975
155827
154925
150515
170150
158695
152727
207997
168980
154510
249990
171489
151710
156545
173199
160730
184996
192850
151445
151140
153561
300000
274999
154165
158663
163470
190499
159120
153755
159870
165888
154785
172790
152288
154375
158549
150479
184450
151579
156570
157596
298000
189195
166648
161923
159849
153003
152375
154225
189750
167580
168749
191911
156489
151060
237900
167399
151529
181150
196999
173880
154285
159745
152989
160349
165708
269930
151506
154033
158770
159985
191499
157640
150119
160449
159740
158159
156106
167135
160288
193999
151329
173998
258500
160888
235911
150393
154919
163975
196890
154445
188100
162932
150368
165370
226000
157560
284900
155560
150501
150456
153070
164898
165945
168789
191890
176550
156010
151685
162320
199499
154538
177390
154279
160988
192300
202890
180980
168449
191888
157130
157230
162501
151965
193000
184599
179555
168190
162444
154398
158897
161697
158764
167944
154489
151119
190300
207499
160260
155822
156640
161349
160328
174739
169985
180599
209800
150834
181830
157654
150243
252000
169649
186200
155855
157688
184480
162740
164240
165230
163362
152305
152351
153759
225990
150132
185460
152855
159895
165445
162560
150477
156969
157395
150615
153160
237750
150198
152278
152595
181300
192499
187250
159001
156872
179979
150909
189400
151497
160830
151020
151966
161733
188300
189830
169117
152036
159949
172550
160760
151697
173870
174690
150589
217300
171777
156895
154005
154670
159530
150873
166340
171830
161080
198450
162298
153111
151085
150139
249911
150233
151368
217991
153021
155377
179968
151379
160666
240900
156235
153270
165749
182997
179380
154560
150089
152365
157396
151789
167159
158925
166845
157435
152330
201995
204950
193800
192490
154101
227850
214500
198950
199850
272990
205154
157695
157460
166280
153957
171899
157260
199800
159455
160879
150828
168930
209850
184199
150859
189996
158889
150739
152570
153440
157489
151997
194998
174444
151179
156875
213500
202620
157830
150951
170589
194999
167501
162567
181555
186400
151956
157675
162696
166555
150323
152629
150982
167555
161780
171749
196911
165249
154415
150766
154205
244900
187590
216800
151525
165997
165670
168310
169498
229980
152679
150969
186275
186300
161247
166998
152262
153770
150181
151432
154710
165001
159970
180650
164222
151733
237991
151857
164475
160222
150991
162525
150157
204300
153675
161820
171778
151145
234993
164920
245400
156598
151755
150988
158460
151679
233990
156530
156195
172350
162973
160050
169798
161987
152255
266000
155432
160655
192996
194497
176399
161722
277500
161670
163456
178880
151416
153840
169888
154885
157295
186996
221000
219800
207400
150648
169380
190997
165232
150639
173445
188700
153038
169295
270911
167370
155913
219850
155898
171111
152323
172987
156966
151335
179777
194450
154901
158219
165470
178987
161777
151544
176898
152424
162059
183511
172930
155430
171234
173911
170230
160444
161240
173760
183450
225000
150273
211950
170989
163488
176349
150822
173670
193990
150338
156395
150487
160960
153933
159370
158181
173320
160249
165911
226999
151989
180490
182995
155770
169480
152717
157115
151193
150122
167495
224964
154123
208700
172968
157825
180987
152945
153896
157444
159289
154198
153075
152110
175723
181600
157839
158320
165777
171190
161552
151485
165960
178780
152955
191490
163880
174777
152344
154530
187480
150315
175898
167047
157893
150915
154525
151378
153591
167749
153055
154485
155620
173480
177360
203850
150633
153279
167599
186880
182890
155425
153787
153255
275900
151389
151465
158115
152496
164341
192760
179240
204850
155634
151688
151596
151433
207299
151040
151515
152965
264400
162680
150919
153987
215700
162195
150691
154855
158395
181980
182222
186995
219750
182450
156230
154970
154270
151208
197950
154145
214690
151297
178199
187749
159945
150576
150422
150605
168444
157111
150429
191450
159959
182111
155649
165823
152947
158730
159249
153860
186600
186650
152997
157595
156543
150272
152120
159198
156740
206590
150566
203200
151530
174470
186850
201990
161928
179889
150121
153010
195507
194444
225500
169770
150816
150117
166885
171795
154911
174150
155198
155285
172949
217500
152677
171444
154125
196964
162125
156322
164880
155606
177675
159379
153165
151982
167189
155860
189450
163940
190450
150156
225900
210850
175880
234000
156523
173109
153245
177099
173489
164860
165666
159860
152820
166988
193390
172996
161050
153785
150158
201800
154725
157497
161889
152101
161360
171790
151551
150038
151735
159939
150319
151630
170290
150293
161940
162120
158335
153170
175376
287999
185557
180750
166920
156389
150424
151185
190400
193750
179123
150835
158449
166620
161985
199911
176495
156916
196320
154529
158330
161784
185680
165595
206990
166870
185400
152035
153460
152329
166970
158698
172320
183944
154158
181949
182480
150788
151187
159988
152796
150686
153496
166345
156725
165413
155497
158620
157588
150934
150458
154430
173987
164580
182799
154255
219997
159475
156889
166966
155175
157775
199700
165683
155685
156410
247400
229480
172590
159495
162777
174980
154160
150253
151722
164911
155454
161654
156855
154230
159460
174290
150341
153801
183420
151633
169767
155558
165921
154775
168460
156229
151030
153876
192690
157001
156225
159720
153525
155896
150188
152224
163989
161149
154994
170687
168740
159749
153996
158180
164810
151225
151489
152259
150717
157298
161270
150309
214459
176820
156434
154570
178550
158225
207800
179199
163520
159125
167920
151233
161489
151231
156498
172995
156639
159560
156920
205996
184790
154286
177799
203450
173680
153838
156455
157563
150209
158321
151887
157340
177820
154339
161380
154044
152833
193222
170470
219950
178649
150162
157455
163240
155235
154460
157795
150935
179970
153720
163444
233991
152993
177899
150885
200100
150514
178799
162498
159488
166541
153566
155875
165876
170580
159320
183199
180299
169949
153952
176911
154095
166050
162355
171049
164749
156501
170988
150801
163485
206560
157545
202499
170099
160898
152982
176888
185590
156340
150645
152298
156039
150467
150943
171733
160080
179890
198990
158360
161955
151144
154747
159649
150021
167390
167530
154975
158930
161845
151730
168249
247500
277000
170911
154824
151201
161448
153875
154620
253990
159325
160470
152992
163383
154955
152520
170222
227900
161099
159444
154758
150747
155585
160949
175321
150632
191950
158751
160670
178690
151113
211448
167995
219450
170595
170959
172610
169987
151920
152420
158080
173299
170100
234900
171780
157689
214700
182911
188333
163978
259000
154004
150356
171949
152033
212300
156959
150196
153494
220850
152785
158940
185840
152229
155748
218599
152698
156759
160340
164001
153620
159469
151947
153985
160001
150606
163225
165898
160498
158282
183289
172730
151689
181313
259911
173996
152010
152625
210500
162489
212890
158720
157645
215993
158885
152359
154797
168111
154849
182600
153219
151347
156988
158098
153001
160891
156657
156537
150585
151559
176299
151359
243490
203890
159793
175150
151410
158270
164333
229111
179299
154360
172985
158960
158777
191850
214950
153131
198800
161479
165986
162220
165272
153339
156479
174960
240000
160939
152657
172259
155960
178949
220999
155120
191250
153975
219499
159270
151401
182940
189899
179790
166840
187450
151986
151323
191600
151693
162340
157539
150373
150018
151003
152569
166866
178890
151311
155123
167740
150469
183890
156785
168455
196530
164099
229933
274990
227777
162978
169190
176333
151656
245964
279500
153910
199996
154977
157470
150979
235800
201964
163730
154645
171555
171987
180970
153129
157440
184680
155895
181850
160791
189890
153870
151211
155240
154688
183330
167680
167280
162780
171560
168496
216999
195100
151858
155830
153321
166580
192222
163955
155689
157485
152846
239950
150517
178100
171695
174666
156279
155549
187398
157994
158979
185980
159695
179445
152944
183750
256997
179995
202390
155247
161649
171890
154782
227800
160488
164560
162440
162970
154330
159675
219993
196099
151357
162989
161981
153855
172189
167148
174749
177925
150032
174242
195980
162991
257500
177998
153779
198997
157140
193100
153230
154210
204390
162540
151265
159911
150522
188658
202990
153275
150959
185600
159298
154532
184750
159655
152789
152792
164114
162488
161430
158670
183799
155920
191650
154598
151654
176449
172555
162996
157591
161849
157985
190890
151075
152988
150993
153529
152996
185299
156687
157040
152075
169340
153898
161195
153119
238900
158570
150415
150554
166669
207850
158288
160198
160180
152620
156911
238997
154630
282000
175770
168580
165151
154001
156202
160987
170625
152325
154825
163798
194850
161546
183550
159773
216964
287900
181550
157349
173599
156349
286000
155320
155581
165219
156240
214911
151991
166579
164979
162789
161770
150126
263500
242500
248430
173849
171249
173233
153195
158655
150887
210900
159540
151358
168380
171222
172895
156588
167666
151262
161725
156344
295900
197777
164010
172770
179996
151089
194989
156453
164337
156303
163380
150543
151321
181699
170825
164227
174259
150288
157522
150923
220007
158035
188790
169870
157749
173099
150709
151159
153545
161920
153965
180570
160875
165860
170390
150177
166215
159877
159951
186420
166123
196100
163949
152897
164275
217911
151885
200799
182250
177994
159875
153458
183449
152128
162330
152211
150565
150658
201899
155275
168470
163680
164320
152215
151209
170599
167989
153256
151366
156649
162880
154516
239700
287000
171150
182785
152575
169099
174986
154675
162099
210700
182165
157760
156120
162180
171480
159769
152201
162870
167260
151391
152725
156720
159440
171430
219996
150665
160725
160570
177280
166856
173960
154242
150388
158446
234995
151402
151010
153112
165680
170449
155006
155449
208999
272500
157217
152030
154260
225999
197790
192840
192350
151925
150058
159876
151494
176799
174580
153295
150656
204899
151642
150331
159725
153859
174810
152670
156879
170335
153266
170777
150166
153020
156830
153651
150768
155411
152479
200997
157657
190980
160317
158895
153198
174970
150127
151959
150851
161878
166099
158904
158419
153520
181690
215500
165965
223900
151545
170123
206950
182399
193911
174399
172684
171911
153030
162988
158469
150192
155210
218300
161756
152901
152633
164398
158755
175987
215990
181350
172340
173123
259500
156310
153385
177020
165349
191200
175390
160111
232990
159964
166689
177749
170620
152610
163911
191235
151411
150308
150622
161320
153830
159525
168886
234500
157379
159222
218790
150776
202998
195799
194888
161498
181560
150586
153622
156913
160422
150123
152314
157859
150027
161220
153325
154359
161825
275000
173770
184150
156375
154301
150128
165944
157170
177690
159885
153765
215400
166788
207250
162808
157049
160997
150332
157844
232987
172220
170455
165460
169960
164335
187750
285000
177430
150623
151288
159549
185100
183977
166485
176749
163620
224999
196600
158785
150217
174995
156155
168989
194997
151397
206499
152501
213452
187777
153051
150278
151896
224990
187920
225400
168995
166699
158519
151797
159111
156140
178650
159925
152601
159734
157845
214600
155994
153178
156589
165449
168420
172936
157373
156510
159240
151289
156897
152098
264990
160375
244991
158485
174949
152788
154829
236900
243900
188788
174190
159840
191899
191550
166940
150211
153395
163440
201200
158891
153798
168430
214280
209400
150284
166270
159660
170845
155925
299999
152683
153012
171099
156788
152544
268000
163870
178470
221999
190830
176880
180888
162987
157996
163090
157877
182489
212996
184975
154989
153378
163985
164970
154565
167970
161389
156298
229950
157370
157491
184911
151801
165432
170815
180100
212750
177987
169580
180150
158285
186680
155686
151987
170779
161533
157498
153673
156144
169489
265991
151517
179699
171940
172740
158069
150958
156609
231900
150397
160695
163330
154049
207999
154988
154088
156985
162985
158945
161982
156868
169968
180880
195750
200900
162887
171225
211990
163755
156165
157856
166445
155012
152968
156192
232800
184443
225300
232700
181111
154488
159275
187911
178290
198850
173720
163222
151344
150274
171050
161205
152766
159529
211750
156820
164440
170677
152488
183997
161140
213990
162370
157198
159654
151221
155003
166329
160560
166786
186560
199300
161625
153522
153920
199899
173530
192899
212550
158760
213400
170832
179460
163475
166444
150377
150202
154909
150252
165451
193701
168498
150466
205700
150877
150536
159570
179888
150266
165849
197299
179880
152421
161687
161897
225912
157988
154239
157598
154012
172198
170985
190700
154175
162270
173440
154340
155007
227999
189699
195499
154317
151802
150026
167971
151687
152025
172599
151361
152377
158974
168977
155865
152465
163530
151510
155318
186100
161720
151879
157446
165423
259999
164321
160295
172199
163885
195975
218999
152005
155248
163180
179599
153544
157860
168230
189995
156845
173540
158898
155151
160466
159577
156365
155570
155554
151009
154130
150836
186480
152091
279997
162280
224630
156180
181450
160230
168270
167996
253999
161325
163548
299500
201080
160945
159307
153585
198690
161685
150866
158630
162295
166549
153512
158788
182570
155542
176294
185899
153991
162318
151779
150261
175698
154792
167695
182150
152355
179233
174572
150823
151252
154646
158498
165165
183790
164730
152828
196300
153425
154698
168555
183599
151192
154545
210911
199997
151301
158188
168914
155022
174849
175995
182099
161470
164270
159398
152105
172299
154816
151823
150715
163275
151483
150418
193850
171080
152165
180590
154635
180790
163220
166849
211999
202779
150066
158447
166975
161410
150112
152565
172489
175654
182498
192100
176699
278000
195400
156866
155530
150868
229499
162469
168889
152765
200250
171199
160789
180033
170111
194964
242991
181989
161998
150316
151954
152825
151047
182649
152877
188911
173555
198300
156370
153993
170522
222600
150597
172870
177995
150339
171959
155277
154124
178335
229993
155145
166430
189790
158155
192200
158510
253250
161840
154420
152148
215699
155470
153510
155398
189737
195850
221500
158854
154759
182350
157070
190550
175420
165186
167064
162145
157666
289900
151365
201555
159445
156255
214800
199928
181996
222880
155803
150619
218450
153988
151294
222911
170987
152511
155775
212700
152189
182949
157428
203950
207990
156665
202300
152869
158129
197899
155520
150106
154684
179780
223950
207600
150224
152243
181780
151453
182299
151052
155111
152977
175429
169989
186675
174996
200980
208800
158345
156792
180899
159993
167775
156560
164989
248900
165970
151035
173789
161549
150948
201750
155876
163423
173580
156996
154730
185099
155988
185330
165425
153130
213911
150077
228964
198964
152233
151811
232000
173444
156220
152405
150578
194911
195949
150108
156801
228911
186250
153448
155130
166749
175740
172540
167875
194350
151898
161333
160970
294997
171840
151981
159789
164180
268900
164050
153151
168276
150348
163879
183354
225997
151577
152425
158680
152085
167830
154159
188760
150408
171856
150378
154140
183911
155625
163049
159994
154110
151829
166680
158125
162395
168429
174895
160985
