480
18300
9800
1500
3600
650
2200
0
14500
999
2000
2799
2500
17999
450
300
1750
7550
1850
10400
3699
2900
500
5555
6900
1990
690
3300
899
245
18000
3500
350
1600
11900
7500
12500
6990
3900
590
7999
2100
7750
13500
14800
1400
4700
550
39600
3000
2399
1000
1
200
7499
5500
7000
14999
10900
9700
1280
1200
800
2300
750
6600
5000
20300
150
250
600
8000
1800
6800
2990
2400
1222
8390
3850
23490
6450
1700
4290
499
22999
6500
900
3399
1300
7300
8599
5900
6300
5950
1699
4699
400
9290
1199
1100
3390
2750
4800
14499
1450
4300
2499
3450
3550
8250
41900
4200
4000
6799
9450
6890
1499
1495
850
8500
950
3200
11890
19750
10500
11000
2390
16449
2999
14300
5999
3700
8999
14000
25000
2790
13400
4900
11299
9500
2800
1350
1999
12999
18400
12899
2250
14900
1250
370
8600
2222
11800
4650
5499
22290
3750
1440
1150
15700
130
9200
3350
2700
10200
14700
895
11919
25900
10800
1690
3650
4850
4500
26999
56900
48000
8400
27500
14950
2950
12000
4600
6000
8950
18700
11550
16150
3400
890
2899
2650
5299
7150
4400
7950
16500
8100
3999
9750
7700
1195
9790
1849
2600
11700
4950
8499
1650
5750
8700
18880
11200
13849
13200
2550
2450
1799
8150
9999
1050
699
6250
10000
49500
1480
1490
3250
21500
6880
5600
10550
17500
2350
8450
680
444
4450
9650
15500
90500
13950
11500
120
1299
3950
5800
7600
13499
1950
6350
6700
29980
2238
4199
6999
4490
43900
21950
12650
5250
24900
20500
9600
1099
4760
5300
3555
19900
15200
700
7900
14650
3299
9900
2295
4999
36500
4990
30900
28900
1900
10490
28499
4550
50
9499
12950
2150
5200
8200
9099
2099
1190
13980
6499
3499
8850
7199
16299
3800
9990
13800
15750
990
5350
1899
5990
4499
7800
8799
970
1599
7400
1698
7990
21000
14750
10100
15000
24800
6200
11850
9250
16000
13900
11540
13199
12790
13750
21999
24999
28300
12800
20200
3100
37990
1290
10999
2850
6490
9000
7490
47999
12990
15900
5997
180
4799
34900
8800
398
2190
7450
1670
2549
8380
2599
2410
330
1320
380
14990
2998
8790
25950
12900
4100
7100
44900
10450
190
17000
11599
30600
140
16700
98
790
139997
26500
710
7890
100
13990
46950
9490
16999
1385
14430
5699
4590
4250
3
4750
28250
390
18500
3280
21800
9950
5400
7350
23000
45
777
9300
29700
2699
31500
599
9100
849
5799
1399
1790
15990
24400
1212
2590
5100
1995
15490
16400
17700
490
1890
16960
14400
249
20900
11990
25345
17800
888
555
2349
13000
1390
9299
6399
51000
6299
7777
6050
50950
7299
6199
3050
8350
12400
8900
799
20990
16990
6100
4190
8495
7820
14200
3899
2555
3333
17900
13999
21900
5150
1039
5129
7099
1049
19850
7200
1240
6950
10990
15350
980
1550
33499
2001
24750
1780
7924
42500
2490
5450
6750
23950
42900
18600
30
280
9599
560
6940
35911
13490
27300
5790
20000
36890
199
2199
3599
3590
135
18999
1740
13450
5595
7980
6400
728
24000
27999
4150
4350
23850
12200
26000
4090
23300
2
3199
29100
39900
7660
6575
7255
8888
23999
22900
7855
18750
3150
3780
3580
28800
6550
11450
23900
8690
749
16900
19986
4690
399
37999
1590
11490
11999
11600
3190
80
2690
2890
3490
22950
34899
3501
33400
10350
15400
3990
6695
870
12690
25999
5899
13700
22222
3690
20700
34500
129
349
5490
28500
12300
3799
15799
26950
35890
8990
19600
360
5199
18100
16650
1980
1001
22750
12499
19200
6699
29999
3790
47900
19450
13790
6650
1470
40899
230
5599
30500
770
270
24500
18200
8650
1649
14490
825
5650
24950
19300
19950
2290
1985
1125
49900
26900
11390
10890
7240
110
12150
47499
8248
430
5399
6980
23500
19199
26899
12699
20399
675
3330
5401
28850
15150
11400
17299
30990
1349
630
2840
5030
1795
25850
12190
17400
18440
99
19490
19500
11111
2980
19999
14850
7250
22800
1566
1540
275
19000
20600
6066
2179
16320
120000
3666
16450
18900
5445
5700
37000
6790
9199
2444
28950
90
11499
35000
21990
26010
989
3149
722
475
8550
160
20800
6150
4899
32990
9480
1380
14863
33333
34000
8290
1860
28000
17250
19990
998
820
11300
698
17499
6850
31900
3960
16190
6690
880
28599
2353
34700
25290
5289
19499
29500
16800
5890
11650
19995
395
20999
10950
10599
18950
10250
5850
12700
43550
30000
299
7649
24987
14295
8750
12
760
59900
16899
16350
2986
780
580
1798
100000
2995
16250
4399
8199
2299
290
41964
8300
11250
4299
18490
14100
42999
965
14450
175
33650
26650
14600
10300
15999
3290
15450
75
7290
73999
25500
1360
19980
4480
17200
24850
449
6590
29200
625
23800
3980
22495
22500
22000
2276
28750
75600
4495
33900
1877
8249
15390
17307
575
27000
27950
10333
11555
21850
6595
4980
13299
28600
4444
36490
12995
11799
59999
32500
997
8887
15800
10499
5888
10299
840
13150
33800
4880
14250
2720
26400
20750
10700
333
49999
13333
598
23699
15780
24300
16950
470
26290
6290
215
13399
22580
20880
13998
10790
1111
1340
4111
210
14489
1680
37950
55999
8590
35900
7390
666
11750
9449
4349
7399
44000
25990
1549
17199
6099
2345
21600
12490
301
570
17444
20899
2879
21250
5550
44990
1090
16890
12290
38500
9550
7799
25800
13600
45600
9850
13250
3890
32000
11930
13131
5749
60
3998
4477
36900
6470
375
27750
12799
3349
860
289
920
40
36750
2795
14399
13666
5390
4890
39990
34200
4790
4222
379
1580
39499
2333
7590
8795
10290
13099
14390
15099
2489
23750
9190
24250
11690
20950
21450
1984
16200
10600
33888
1149
7850
2240
5395
35950
50000
39999
119000
15850
8899
320
2777
3889
795
14299
6222
27499
420
1444
35500
22990
17990
19800
14599
85000
1910
9390
64999
6666
2004
595
549
459
6599
69900
11399
4195
725
119911
17600
39500
7899
260
29900
2666
13560
10780
34400
13995
6620
17100
340
9049
21400
33000
2849
4622
225
37800
9400
19350
33850
29950
8890
35999
3380
4484
2970
12600
3495
25400
45999
40999
9
14986
6170
16490
5005
785
9350
16300
6989
765
53900
40000
730
50999
7780
1770
32900
5590
8099
8399
1870
21300
12850
7699
10199
9399
16660
1660
10750
640
60220
1777
17450
321
53999
15950
12599
670
17300
10556
22850
23100
425
18990
26800
22989
2265
6888
8490
9680
659
2480
3259
62475
49
89000
149
7790
93000
7222
679
12890
2925
17480
545
26250
9760
29800
1888
28980
629
8699
47000
7650
13350
26200
39700
70
55
265
3099
95000
9899
26850
4390
44950
49000
1055
15300
10986
37900
170
25495
6749
19399
235
43300
1230
15499
44500
7599
839
14666
6777
1170
4179
15600
62800
19875
38850
15980
76500
6480
6870
79000
1101
14
9799
4755
649
12750
33500
17950
2580
7875
740
34460
13449
13850
20799
844
25599
5765
15399
25750
8198
34650
54500
16850
12100
11950
13100
25200
660
647
42990
2050
18650
8333
45500
24390
9845
7880
21499
17777
54000
28699
2495
3060
12399
9590
67999
8299
6977
1448
4749
5690
20
40800
18699
23400
222
89900
8801
875
7740
45000
24199
1247
21275
11909
59500
1640
1180
29000
35
797
17350
16390
17899
22200
897
2275
11666
2249
76997
27150
975
6995
3122
1449
46900
9420
20888
18250
2888
35700
42950
7380
4599
11100
1249
37500
38900
8555
295
110000
4220
15650
744
24680
8911
40500
4985
525
13300
32700
11899
20299
15299
52900
39800
5185
579
3760
31200
27900
34980
520
15250
620
45900
14640
5190
23990
10980
2780
57900
8
3015
220
7690
2049
22980
1555
31250
43500
21490
40900
4580
3995
7090
17750
7949
930
58888
46500
14980
4149
9555
17
38200
37350
31400
1330
55000
14550
4099
18499
10399
57500
1396
48500
2090
9349
1395
2885
10850
21200
33390
18899
3090
6580
26600
7280
3220
1198
52911
17190
2940
30911
10379
28700
3449
7188
9170
17690
20680
28888
31590
14899
111
18870
69990
37600
13599
10899
20998
52000
1255
775
229
7190
31999
4280
695
139000
1970
1622
14444
1666
40444
12299
945
25600
18390
88000
22300
3885
29990
2810
37241
5
16480
719
20650
6780
995
9150
706
20996
21399
26790
4411
755
10680
21243
30450
8949
2380
10590
3880
4470
36450
1420
5050
3320
11148
78900
846
3480
18790
1929
5870
6385
17099
9888
4298
48600
15890
16600
5372
3087
99900
24200
23333
15599
6495
66900
28999
10749
1675
9987
5180
27800
14799
24299
635
8580
17850
369
12480
68800
22450
47
14975
13
810
24450
9777
19599
5980
26541
53000
59000
12998
3249
3498
159
22650
1695
24990
26750
11350
129900
255
13890
29989
105000
8798
12350
41790
31800
17490
219
9975
21449
325
18350
10880
48888
10895
15050
25470
37400
51593
949
25
10390
12475
23700
56200
18149
14220
30875
4002
9890
85
3240
33990
99999
26690
15880
24998
21550
17888
1820
32200
35499
33996
5740
12685
10699
39000
12590
6280
7745
23200
1895
16750
1425
18890
4895
9980
25250
1370
16690
20350
2095
34800
18940
5949
28990
3710
48900
21880
10799
855
25249
1112
15210
7385
32980
36800
49950
1479
3298
6390
3570
10975
720
26990
22400
2949
26499
628
21290
3445
52999
7787
16666
1749
8431
6190
13699
2560
145
74
20450
11880
18800
24550
22799
15280
2280
14590
30999
12250
1880
2195
510
98500
8955
4680
10690
69999
2449
10398
16499
21750
5840
29799
4997
13799
440
28400
3901
72500
59964
19799
6555
1998
5995
31745
7930
5220
6849
18150
19899
65850
3789
85500
9997
4995
12980
5970
15699
24333
1285
64000
64900
23450
3455
28200
2798
1629
32999
2210
15995
10220
2701
5444
26890
465
18199
6540
33980
9520
11488
2680
22100
1460
4798
15580
26300
12821
12450
13550
14350
3948
285
29499
15100
11190
32465
2070
3970
1975
21350
19560
18690
2930
15290
2525
14888
2770
2920
1429
30400
1025
71997
23899
108000
1488
30210
47600
11975
2870
16599
41500
62911
32599
3488
8240
34990
17898
240
10
1856
3222
2245
4780
26450
19650
1095
4030
37850
6755
5211
2398
7050
15998
5695
68900
4860
185
27450
16199
1575
17890
65
6289
29750
49890
28899
31799
16550
8190
11989
20499
125
4830
3089
54900
16590
9699
4395
1598
10472
13590
6249
85600
53911
25499
7995
17419
62500
82500
593
24700
4333
25550
2430
8420
16980
46888
5290
24301
20890
530
3810
27850
5480
5020
3902
1333
67200
10930
23499
13280
13780
7291
18888
19400
19700
4938
23390
6252
22700
23590
310
11199
2321
20490
34499
789
68530
20250
7180
6730
34999
76900
27490
6899
36999
13190
39490
26700
49650
489
27777
26390
13050
5298
16100
35800
26980
1275
830
3125
25300
4275
10555
33300
3420
68500
9380
445
955
8189
6444
38990
2845
7555
11150
18299
759
2180
11980
11495
16799
13899
12333
9780
18450
29300
460
11699
20790
25795
10150
1645
1169
8880
1080
1295
83500
4766
105
669
41000
2440
14890
9667
2366
25700
33280
25890
30200
16995
13249
30300
495
33999
1220
2660
11580
2960
3452
7480
66500
27250
8295
1253
25220
42600
3680
2512
4050
833
574
20375
1466
8470
15590
8222
9690
4249
31000
14830
2111
1098
15690
48911
28450
41800
10650
15
9090
15555
55964
27200
27990
8870
35550
81000
14290
6089
31990
365
205
2649
610
3888
5099
55500
41400
8998
19299
24490
41990
6583
5090
25380
12986
27828
47500
3969
48989
4888
8849
29
18590
7898
3949
5370
3867
2530
9203
6789
21700
8640
40850
13960
34600
2389
601
33600
77500
54800
3210
50490
24360
1745
23980
23350
8444
5648
42750
29850
28350
29400
19699
112000
23250
1130
35250
11680
7960
195
3180
38000
13650
73000
16777
62900
1631
56500
10495
20980
55900
45990
52500
11970
2225
7895
13480
5280
1210
4870
27350
5008
32499
3775
58000
6680
9880
7530
3475
10910
1345
22250
8480
3730
3398
24499
10755
7249
7685
9395
31499
865
24495
81500
889
38450
6101
22600
987
7420
24480
4567
4180
644
56997
78500
55800
8975
25590
2459
2260
5760
36000
42911
410
123456
3695
26490
1270
3431
3633
9280
22490
940
31199
15333
12050
4240
18550
19890
33915
32800
8425
689
1259
455
26940
17150
28490
41700
3740
2910
46750
925
3884
540
12449
11888
19290
655
19444
2579
3360
122000
15790
15550
51999
65799
14940
50699
33880
11480
2395
33200
4559
4660
35490
20850
7970
38499
57000
1277
25490
1560
44400
1260
13498
36499
27399
1725
13986
4777
17980
4949
12390
279
485
21980
24488
8275
6001
1652
1375
20480
9995
5660
14995
6840
18181
25100
3649
4449
6944
22969
3595
27600
6333
14349
15975
5498
3211
12380
39290
1224
36950
69911
119900
30557
25980
16399
58500
46840
15199
12222
26590
2198
2149
32490
1175
8666
38390
19550
8050
14777
28790
18599
67900
56000
577
37175
12580
13387
84911
66911
7333
4940
248
22589
5380
3140
14699
27870
19250
14199
10795
17449
6435
1949
10009
1234
39660
24449
1459
2510
10089
5655
34890
39
95
1355
519
12660
23399
18850
21590
929
366
4295
1496
345
2695
13384
11749
14879
7016
2962
8520
5540
4555
41999
8245
14960
73990
13555
67000
2384
17550
344
51500
14498
36350
1588
15325
10280
5880
119500
30933
59
25699
19100
130000
31995
4889
335
7849
48250
4960
2675
359
69500
42800
22888
5940
29399
5375
24790
16333
27700
26987
433
6998
1930
15190
3575
36399
2630
38600
1894
2640
7655
5001
17590
2975
688
19149
15899
12997
10240
2080
10090
31650
11444
19666
26849
11660
9130
19880
1720
5385
1845
13690
30330
51499
19777
12549
12550
1565
24799
5002
39100
26599
2360
179
7139
13970
531
879
14150
2470
115000
4440
25450
65000
1648
60000
30678
745
20550
3530
30700
20400
8230
12345
52700
1996
9920
24890
2985
1904
37300
3715
115
8980
32400
21650
11960
82900
2130
51981
7997
39865
104900
51900
5495
13493
37200
15498
23600
6770
12199
23550
1520
6295
6440
16880
2498
38750
1430
31888
29350
5359
8111
32390
9110
10849
33490
19495
14249
2125
5409
34550
1948
9948
2285
22399
16222
38999
53695
17780
17998
67997
38490
7430
39889
1855
1955
3370
3640
1398
5225
3849
40600
11330
22150
42925
26050
20690
35998
3768
62000
46650
2388
28995
39850
2759
1165
2134
3869
78000
42997
298
7328
1875
1558
31750
9498
5708
2723
22899
5149
23790
47800
8675
439
80900
4595
8645
27650
4998
11790
4201
22499
901
3049
31950
35190
3560
5333
15870
11
4455
39250
25370
138980
25230
47670
11180
4689
145000
32100
29490
10920
42000
3940
25650
2880
2749
124900
8995
10480
5459
4640
4795
44300
9385
1906
2235
17979
1059
2689
5630
4498
13390
25799
54999
12949
63000
10540
8833
6380
2911
8989
43333
20760
12349
6949
16790
129000
56800
9149
12830
14790
35990
88500
30890
61911
8484
35300
21599
47100
3009
3040
6745
5255
21995
3310
2370
21090
2655
18247
38950
6447
1935
25996
36440
4487
37550
74900
11798
7789
3777
16955
7330
5488
2270
13290
20689
277
50500
3444
46000
505
6149
3905
4887
1498
24370
20699
8579
47700
9050
966
3955
2671
8494
21210
16375
1933
12465
7680
189
29891
2540
6667
38470
25498
7869
9968
25555
15755
2651
23989
38400
10998
19935
17790
22670
3945
20997
24983
10475
49200
985
11295
39997
19830
59911
3989
12888
79
33700
5780
389
5795
44890
105999
4652
15298
3485
3925
1659
4170
1441
67750
3774
8349
20495
735
13749
61800
35350
13875
1135
29998
38888
12944
8765
52400
22690
2320
88400
3589
1325
12735
99500
69
8255
16
5340
84999
9470
3489
8875
34988
55400
47997
634
17149
10995
45800
84888
12898
10099
20995
7840
27550
59799
1469
729
4751
31490
44499
15395
149000
111111
4770
5998
9221
1160
17650
115900
3579
19790
11290
11693
30950
17699
12889
7118
3598
1414
11995
32950
6951
1129
1878
793
236
4930
29550
44777
5475
2460
17770
2221
99000
9788
17290
44200
11968
5849
93911
7220
17949
10175
14870
46200
70000
36990
26984
9998
5975
29450
12955
10777
30530
16290
19997
5959
20889
19780
1120
1155
61000
34300
355
44996
1620
5246
48999
6124
7998
5879
559
14480
6973
837
53500
83000
20199
3260
16649
3941
498
12968
33590
44800
11379
1570
34850
968
13321
58900
2895
7888
11590
23650
544
1635
11979
17520
12430
65900
24590
4898
15480
9989
2598
8987
3655
7495
8595
15222
5049
18799
40750
21666
27333
29250
19970
40950
29600
5844
1760
6111
1830
6449
6130
2875
19230
11222
19280
9666
16989
12749
2475
34940
69000
4475
26199
34950
165
419
23799
15492
7989
33250
6475
910
5485
3660
54997
39950
17880
31700
5688
4840
696
2002
114000
11449
1945
37700
24650
4548
845
22480
39980
4835
10860
21299
5544
18798
39333
9245
960
569
3670
14530
2379
9580
251
16285
5924
47300
1269
15260
108900
46490
2744
43790
72900
624
4155
20870
30850
142
55990
5015
12555
4
2175
54990
12090
9195
24599
173
19690
3879
74899
1310
1775
17255
12495
52950
11738
33
24335
30860
4380
4920
2448
7549
26100
16495
193
1669
33950
74500
8008
27299
3795
4321
3120
5680
11475
37599
3757
1960
83900
2385
5955
329
87000
3745
24149
5222
63900
11090
10529
169
24
8970
18777
35370
10940
14525
8280
1070
89500
1605
9996
19269
32750
13489
5580
85900
4278
28856
14555
2432
39300
34699
2645
14540
8749
3997
74000
11432
80000
17889
12647
7540
1455
3318
4655
21699
11760
3393
22498
35450
2889
9410
18399
46990
49990
4666
35599
1298
39200
49600
27498
55850
44750
35200
13495
14780
30333
869
37880
55555
701
10430
3977
2946
3410
34490
12920
5440
23890
129999
48700
4320
7603
12368
6198
2589
30799
13830
385
6330
6578
49490
4877
26350
10989
1958
63999
63700
59950
1026
17249
122981
28399
7052
53400
37690
533
9428
14998
18290
39979
8944
47990
3456
259
7359
7234
79900
9333
5125
38800
46666
57599
4720
38890
1595
9991
5249
32780
6398
2289
5189
35750
4786
5140
84997
523
2860
14690
7
944
19945
2745
2301
588
1810
16888
3944
3630
35850
6660
26740
2151
829
35222
6783
15981
61900
30800
2055
29795
24600
11235
19911
68750
21100
29899
1587
23456
1589
36980
4740
8886
7270
1045
19975
4649
35888
7449
15920
14280
4497
2140
3895
88
2898
8265
12249
1655
5455
94999
263
91900
14190
37499
21690
14111
1881
54980
59990
1625
19998
1388
17799
46280
5889
11988
13988
23425
7940
40990
29333
6979
5569
26725
10344
17485
5234
3509
1042
27495
34590
40200
5349
21998
122900
732
10870
6795
33777
1585
92000
13298
22998
12523
18090
3805
12877
24699
14495
12770
4040
26150
64990
42700
7770
79500
1994
667
2230
907
5755
7007
58399
435
22890
26975
6970
2455
33100
24298
15946
5911
2874
32850
27790
6208
18099
23888
66666
27100
2760
65800
27571
32300
5996
135500
101
54499
28955
8665
17111
16475
12255
8780
2775
25350
19390
12667
7149
7285
61500
68000
19150
12860
33459
1759
33860
3540
98000
35790
21799
3535
17498
22390
8090
26099
27400
3470
7185
5666
8370
20530
79999
27890
13230
11230
107000
11935
2170
2194
109900
305
46800
13777
39151
14140
66000
4872
6125
7885
43490
48490
414
45950
1348
14949
19121
23549
1189
2241
3845
22444
5697
26285
5195
24100
92900
63499
35555
16780
9681
36700
2730
52980
24350
107999
685
5885
7360
16911
3225
20555
78993
20590
976
8488
6960
25860
35449
46700
12470
769
34444
138000
28150
4737
1840
3549
36390
804
1897
1475
5575
8258
43375
3080
8340
58200
155
10370
8560
70888
21888
6275
10380
798
2155
73996
3285
4378
6460
3749
19
16065
13349
10389
42250
20789
31790
10310
5777
53650
19590
5160
2220
2335
4355
37899
8840
6798
10420
4335
26660
1031
12225
9375
47911
26666
109960
5489
22190
1296
281
23944
45300
3725
4820
133
73500
15495
24888
27980
384
43461
49400
6930
11454
14260
86500
14230
2279
30499
1940
548
3340
8211
4549
23885
6860
10625
2340
5723
2754
22280
2740
2322
23150
269
1765
22880
1110
7085
1033
12360
6090
10190
8146
16830
535
31599
14386
31100
13888
39911
996
72000
15120
4370
45911
60789
24899
23222
14449
7570
898
13930
6975
5827
4925
515
20150
8695
2727
57997
18980
4510
99990
21489
1710
6545
23199
10730
34996
42850
1445
1140
3561
150000
124999
4165
8663
13470
40499
9120
3755
9870
15888
4785
22790
2288
4375
8549
479
34450
1579
6570
7596
148000
39195
16648
11923
9849
3003
2375
4225
39750
17580
18749
41911
6489
1060
87900
17399
1529
31150
46999
23880
4285
9745
2989
10349
15708
119930
1506
4033
8770
9985
41499
7640
119
10449
9740
8159
6106
17135
10288
43999
1329
23998
108500
10888
85911
393
4919
13975
46890
4445
38100
12932
368
15370
76000
7560
134900
5560
501
456
3070
14898
15945
18789
41890
26550
6010
1685
12320
49499
4538
27390
4279
10988
42300
52890
30980
18449
41888
7130
7230
12501
1965
43000
34599
29555
18190
12444
4398
8897
11697
8764
17944
4489
1119
40300
57499
10260
5822
6640
11349
10328
24739
19985
30599
59800
834
31830
7654
243
102000
19649
36200
5855
7688
34480
12740
14240
15230
13362
2305
2351
3759
75990
132
35460
2855
9895
15445
12560
477
6969
7395
615
3160
87750
198
2278
2595
31300
42499
37250
9001
6872
29979
909
39400
1497
10830
1020
1966
11733
38300
39830
19117
2036
9949
22550
10760
1697
23870
24690
589
67300
21777
6895
4005
4670
9530
873
16340
21830
11080
48450
12298
3111
1085
139
99911
233
1368
67991
3021
5377
29968
1379
10666
90900
6235
3270
15749
32997
29380
4560
89
2365
7396
1789
17159
8925
16845
7435
2330
51995
54950
43800
42490
4101
77850
64500
48950
49850
122990
55154
7695
7460
16280
3957
21899
7260
49800
9455
10879
828
18930
59850
34199
859
39996
8889
739
2570
3440
7489
1997
44998
24444
1179
6875
63500
52620
7830
951
20589
44999
17501
12567
31555
36400
1956
7675
12696
16555
323
2629
982
17555
11780
21749
46911
15249
4415
766
4205
94900
37590
66800
1525
15997
15670
18310
19498
79980
2679
969
36275
36300
11247
16998
2262
3770
181
1432
4710
15001
9970
30650
14222
1733
87991
1857
14475
10222
991
12525
157
54300
3675
11820
21778
1145
84993
14920
95400
6598
1755
988
8460
1679
83990
6530
6195
22350
12973
10050
19798
11987
2255
116000
5432
10655
42996
44497
26399
11722
127500
11670
13456
28880
1416
3840
19888
4885
7295
36996
71000
69800
57400
648
19380
40997
15232
639
23445
38700
3038
19295
120911
17370
5913
69850
5898
21111
2323
22987
6966
1335
29777
44450
4901
8219
15470
28987
11777
1544
26898
2424
12059
33511
22930
5430
21234
23911
20230
10444
11240
23760
33450
75000
273
61950
20989
13488
26349
822
23670
43990
338
6395
487
10960
3933
9370
8181
23320
10249
15911
76999
1989
30490
32995
5770
19480
2717
7115
1193
122
17495
74964
4123
58700
22968
7825
30987
2945
3896
7444
9289
4198
3075
2110
25723
31600
7839
8320
15777
21190
11552
1485
15960
28780
2955
41490
13880
24777
2344
4530
37480
315
25898
17047
7893
915
4525
1378
3591
17749
3055
4485
5620
23480
27360
53850
633
3279
17599
36880
32890
5425
3787
3255
125900
1389
1465
8115
2496
14341
42760
29240
54850
5634
1688
1596
1433
57299
1040
1515
2965
114400
12680
919
3987
65700
12195
691
4855
8395
31980
32222
36995
69750
32450
6230
4970
4270
1208
47950
4145
64690
1297
28199
37749
9945
576
422
605
18444
7111
429
41450
9959
32111
5649
15823
2947
8730
9249
3860
36600
36650
2997
7595
6543
272
2120
9198
6740
56590
566
53200
1530
24470
36850
51990
11928
29889
121
3010
45507
44444
75500
19770
816
117
16885
21795
4911
24150
5198
5285
22949
67500
2677
21444
4125
46964
12125
6322
14880
5606
27675
9379
3165
1982
17189
5860
39450
13940
40450
156
75900
60850
25880
84000
6523
23109
3245
27099
23489
14860
15666
9860
2820
16988
43390
22996
11050
3785
158
51800
4725
7497
11889
2101
11360
21790
1551
38
1735
9939
319
1630
20290
293
11940
12120
8335
3170
25376
137999
35557
30750
16920
6389
424
1185
40400
43750
29123
835
8449
16620
11985
49911
26495
6916
46320
4529
8330
11784
35680
15595
56990
16870
35400
2035
3460
2329
16970
8698
22320
33944
4158
31949
32480
788
1187
9988
2796
686
3496
16345
6725
15413
5497
8620
7588
934
458
4430
23987
14580
32799
4255
69997
9475
6889
16966
5175
7775
49700
15683
5685
6410
97400
79480
22590
9495
12777
24980
4160
253
1722
14911
5454
11654
6855
4230
9460
24290
341
3801
33420
1633
19767
5558
15921
4775
18460
6229
1030
3876
42690
7001
6225
9720
3525
5896
188
2224
13989
11149
4994
20687
18740
9749
3996
8180
14810
1225
1489
2259
717
7298
11270
309
64459
26820
6434
4570
28550
8225
57800
29199
13520
9125
17920
1233
11489
1231
6498
22995
6639
9560
6920
55996
34790
4286
27799
53450
23680
3838
6455
7563
209
8321
1887
7340
27820
4339
11380
4044
2833
43222
20470
69950
28649
162
7455
13240
5235
4460
7795
935
29970
3720
13444
83991
2993
27899
885
50100
514
28799
12498
9488
16541
3566
5875
15876
20580
9320
33199
30299
19949
3952
26911
4095
16050
12355
21049
14749
6501
20988
801
13485
56560
7545
52499
20099
10898
2982
26888
35590
6340
645
2298
6039
467
943
21733
10080
29890
48990
8360
11955
1144
4747
9649
21
17390
17530
4975
8930
11845
1730
18249
97500
127000
20911
4824
1201
11448
3875
4620
103990
9325
10470
2992
13383
4955
2520
20222
77900
11099
9444
4758
747
5585
10949
25321
632
41950
8751
10670
28690
1113
61448
17995
69450
20595
20959
22610
19987
1920
2420
8080
23299
20100
84900
21780
7689
64700
32911
38333
13978
109000
4004
356
21949
2033
62300
6959
196
3494
70850
2785
8940
35840
2229
5748
68599
2698
6759
10340
14001
3620
9469
1947
3985
10001
606
13225
15898
10498
8282
33289
22730
1689
31313
109911
23996
2010
2625
60500
12489
62890
8720
7645
65993
8885
2359
4797
18111
4849
32600
3219
1347
6988
8098
3001
10891
6657
6537
585
1559
26299
1359
93490
53890
9793
25150
1410
8270
14333
79111
29299
4360
22985
8960
8777
41850
64950
3131
48800
11479
15986
12220
15272
3339
6479
24960
90000
10939
2657
22259
5960
28949
70999
5120
41250
3975
69499
9270
1401
32940
39899
29790
16840
37450
1986
1323
41600
1693
12340
7539
373
18
1003
2569
16866
28890
1311
5123
17740
469
33890
6785
18455
46530
14099
79933
124990
77777
12978
19190
26333
1656
95964
129500
3910
49996
4977
7470
979
85800
51964
13730
4645
21555
21987
30970
3129
7440
34680
5895
31850
10791
39890
3870
1211
5240
4688
33330
17680
17280
12780
21560
18496
66999
45100
1858
5830
3321
16580
42222
13955
5689
7485
2846
89950
517
28100
21695
24666
6279
5549
37398
7994
8979
35980
9695
29445
2944
33750
106997
29995
52390
5247
11649
21890
4782
77800
10488
14560
12440
12970
4330
9675
69993
46099
1357
12989
11981
3855
22189
17148
24749
27925
32
24242
45980
12991
107500
27998
3779
48997
7140
43100
3230
4210
54390
12540
1265
9911
522
38658
52990
3275
959
35600
9298
4532
34750
9655
2789
2792
14114
12488
11430
8670
33799
5920
41650
4598
1654
26449
22555
12996
7591
11849
7985
40890
1075
2988
993
3529
2996
35299
6687
7040
2075
19340
3898
11195
3119
88900
8570
415
554
16669
57850
8288
10198
10180
2620
6911
88997
4630
132000
25770
18580
15151
4001
6202
10987
20625
2325
4825
13798
44850
11546
33550
9773
66964
137900
31550
7349
23599
6349
136000
5320
5581
15219
6240
64911
1991
16579
14979
12789
11770
126
113500
92500
98430
23849
21249
23233
3195
8655
887
60900
9540
1358
18380
21222
22895
6588
17666
1262
11725
6344
145900
47777
14010
22770
29996
1089
44989
6453
14337
6303
13380
543
1321
31699
20825
14227
24259
288
7522
923
70007
8035
38790
19870
7749
23099
709
1159
3545
11920
3965
30570
10875
15860
20390
177
16215
9877
9951
36420
16123
46100
13949
2897
14275
67911
1885
50799
32250
27994
9875
3458
33449
2128
12330
2211
565
658
51899
5275
18470
13680
14320
2215
1209
20599
17989
3256
1366
6649
12880
4516
89700
137000
21150
32785
2575
19099
24986
4675
12099
60700
32165
7760
6120
12180
21480
9769
2201
12870
17260
1391
2725
6720
9440
21430
69996
665
10725
10570
27280
16856
23960
4242
388
8446
84995
1402
1010
3112
15680
20449
5006
5449
58999
122500
7217
2030
4260
75999
47790
42840
42350
1925
58
9876
1494
26799
24580
3295
656
54899
1642
331
9725
3859
24810
2670
6879
20335
3266
20777
166
3020
6830
3651
768
5411
2479
50997
7657
40980
10317
8895
3198
24970
127
1959
851
11878
16099
8904
8419
3520
31690
65500
15965
73900
1545
20123
56950
32399
43911
24399
22684
21911
3030
12988
8469
192
5210
68300
11756
2901
2633
14398
8755
25987
65990
31350
22340
23123
109500
6310
3385
27020
15349
41200
25390
10111
82990
9964
16689
27749
20620
2610
13911
41235
1411
308
622
11320
3830
9525
18886
84500
7379
9222
68790
776
52998
45799
44888
11498
31560
586
3622
6913
10422
123
2314
7859
27
11220
3325
4359
11825
125000
23770
34150
6375
4301
128
15944
7170
27690
9885
3765
65400
16788
57250
12808
7049
10997
332
7844
82987
22220
20455
15460
19960
14335
37750
135000
27430
623
1288
9549
35100
33977
16485
26749
13620
74999
46600
8785
217
24995
6155
18989
44997
1397
56499
2501
63452
37777
3051
278
1896
74990
37920
75400
18995
16699
8519
1797
9111
6140
28650
9925
2601
9734
7845
64600
5994
3178
6589
15449
18420
22936
7373
6510
9240
1289
6897
2098
114990
10375
94991
8485
24949
2788
4829
86900
93900
38788
24190
9840
41899
41550
16940
211
3395
13440
51200
8891
3798
18430
64280
59400
284
16270
9660
20845
5925
149999
2683
3012
21099
6788
2544
118000
13870
28470
71999
40830
26880
30888
12987
7996
13090
7877
32489
62996
34975
4989
3378
13985
14970
4565
17970
11389
6298
79950
7370
7491
34911
1801
15432
20815
30100
62750
27987
19580
30150
8285
36680
5686
1987
20779
11533
7498
3673
6144
19489
115991
1517
29699
21940
22740
8069
958
6609
81900
397
10695
13330
4049
57999
4988
4088
6985
12985
8945
11982
6868
19968
30880
45750
50900
12887
21225
61990
13755
6165
7856
16445
5012
2968
6192
82800
34443
75300
82700
31111
4488
9275
37911
28290
48850
23720
13222
1344
274
21050
11205
2766
9529
61750
6820
14440
20677
2488
33997
11140
63990
12370
7198
9654
1221
5003
16329
10560
16786
36560
49300
11625
3522
3920
49899
23530
42899
62550
8760
63400
20832
29460
13475
16444
377
202
4909
252
15451
43701
18498
466
55700
877
536
9570
29888
266
15849
47299
29880
2421
11687
11897
75912
7988
4239
7598
4012
22198
20985
40700
4175
12270
23440
4340
5007
77999
39699
45499
4317
1802
26
17971
1687
2025
22599
1361
2377
8974
18977
5865
2465
13530
1510
5318
36100
11720
1879
7446
15423
109999
14321
10295
22199
13885
45975
68999
2005
5248
13180
29599
3544
7860
18230
39995
6845
23540
8898
5151
10466
9577
6365
5570
5554
1009
4130
836
36480
2091
129997
12280
74630
6180
31450
10230
18270
17996
103999
11325
13548
149500
51080
10945
9307
3585
48690
11685
866
8630
12295
16549
3512
8788
32570
5542
26294
35899
3991
12318
1779
261
25698
4792
17695
32150
2355
29233
24572
823
1252
4646
8498
15165
33790
14730
2828
46300
3425
4698
18555
33599
1192
4545
60911
49997
1301
8188
18914
5022
24849
25995
32099
11470
14270
9398
2105
22299
4816
1823
715
13275
1483
418
43850
21080
2165
30590
4635
30790
13220
16849
61999
52779
66
8447
16975
11410
112
2565
22489
25654
32498
42100
26699
128000
45400
6866
5530
868
79499
12469
18889
2765
50250
21199
10789
30033
20111
44964
92991
31989
11998
316
1954
2825
1047
32649
2877
38911
23555
48300
6370
3993
20522
72600
597
22870
27995
339
21959
5277
4124
28335
79993
5145
16430
39790
8155
42200
8510
103250
11840
4420
2148
65699
5470
3510
5398
39737
45850
71500
8854
4759
32350
7070
40550
25420
15186
17064
12145
7666
139900
1365
51555
9445
6255
64800
49928
31996
72880
5803
619
68450
3988
1294
72911
20987
2511
5775
62700
2189
32949
7428
53950
57990
6665
52300
2869
8129
47899
5520
106
4684
29780
73950
57600
224
2243
31780
1453
32299
1052
5111
2977
25429
19989
36675
24996
50980
58800
8345
6792
30899
9993
17775
6560
14989
98900
15970
1035
23789
11549
948
51750
5876
13423
23580
6996
4730
35099
5988
35330
15425
3130
63911
77
78964
48964
2233
1811
82000
23444
6220
2405
578
44911
45949
108
6801
78911
36250
3448
5130
16749
25740
22540
17875
44350
1898
11333
10970
144997
21840
1981
9789
14180
118900
14050
3151
18276
348
13879
33354
75997
1577
2425
8680
2085
17830
4159
38760
408
21856
378
4140
33911
5625
13049
9994
4110
1829
16680
8125
12395
18429
24895
10985
